FEEDER_ALT_FT=48.8
FEEDER_ALT_M=14.9
FEEDER_LAT=51.485200
FEEDER_LONG=0.021740
FEEDER_TZ=Europe/London#
FR24_SHARING_KEY=35e32b01f978e29c
